Date Time	Fix	Lat1(N)	Long1(E)	Lat2(N)	Long2(E)	MsgCount	Frequency	Average TI	Satellite	Max Str	Swapped
2022-02-07 12:51:16	Z	 63.903	 -61.318	 63.903	 -61.318	  4	697187.5	130.0	1	-121	
2022-02-07 12:55:50	3	 -7.259	  72.358	 -7.818	  74.874	  5	671259.7	 65.0	R	-123	1
2022-02-08 04:09:32	A	 -7.259	  72.370	 -7.259	  72.370	  3	671174.9	 67.7	C	-125	
2022-02-08 04:48:48	B	 -7.237	  72.371	 -7.237	  72.371	  2	671139.5	139.0	N	-133	
2022-02-08 04:58:02	B	 -7.142	  72.471	 -7.142	  72.471	  1	671257.7		B	-134	
2022-02-08 05:49:35	B	 -7.144	  72.486	 -7.144	  72.486	  2	671155.8	 71.0	C	-133	
2022-02-08 06:25:32	B	 -7.140	  72.492	 -7.140	  72.492	  1	671120.4		N	-137	
2022-02-08 12:22:57	B	 -7.343	  72.432	 -7.343	  72.432	  2	671136.4	 64.0	R	-134	
2022-02-08 12:34:17	B	 -7.325	  72.421	 -7.325	  72.421	  1	671127.1		1	-139	
2022-02-10 12:59:50	A	 -7.255	  72.470	 -7.255	  72.470	  3	671237.3	 66.0	R	-132	
2022-02-10 14:42:30	B	 -7.261	  72.476	 -7.261	  72.476	  1	671236.8		R	-137	
2022-02-10 15:00:42	3	 -7.249	  72.448	 -7.249	  72.448	  4	671240.5	 66.3	P	-136	
2022-02-10 15:15:24	3	 -7.250	  72.452	 -7.250	  72.452	  6	671241.4	 66.3	K	-129	
2022-02-10 16:03:10	B	 -7.252	  72.458	 -7.252	  72.458	  1	671242.2		C	-131	
2022-02-10 16:51:55	B	 -7.250	  72.458	 -7.250	  72.458	  2	671243.9	133.0	B	-133	
2022-02-10 17:00:47	3	 -7.251	  72.449	 -7.251	  72.449	  6	671243.8	 66.7	N	-127	
2022-02-10 17:43:19	A	 -7.248	  72.449	 -7.248	  72.449	  3	671244.7	133.0	C	-124	
2022-02-11 12:33:58	0	 -7.587	  74.607	 -7.587	  74.607	  8	671253.3	 64.0	R	-121	
2022-02-11 13:13:01	B	 -7.600	  74.631	 -7.600	  74.631	  1	671224.7		K	-135	
2022-02-11 13:24:11	3	 -7.638	  74.659	 -7.638	  74.659	  5	671248.2	 64.4	1	-132	
2022-02-11 14:06:46	1	 -7.653	  74.630	 -7.653	  74.630	  5	671251.4	 64.2	R	-136	
2022-02-11 14:47:45	0	 -7.676	  74.631	 -7.676	  74.631	  9	671248.1	 64.9	P	-124	
2022-02-11 14:52:05	1	 -7.677	  74.638	 -7.677	  74.638	 11	671248.4	 64.9	K	-124	
2022-02-11 15:43:33	B	 -7.688	  74.619	 -7.688	  74.619	  2	671250.5	 65.0	C	-123	
2022-02-11 16:27:33	B	 -7.682	  74.620	 -7.682	  74.620	  2	671246.4	196.0	B	-130	
2022-02-11 16:51:30	2	 -7.685	  74.620	 -7.685	  74.620	  9	671245.0	 65.3	N	-127	
2022-02-11 17:21:09	2	 -7.687	  74.624	 -7.687	  74.624	  6	671246.9	130.5	C	-121	
2022-02-12 00:57:16	0	 -7.633	  74.615	 -7.633	  74.615	  6	671249.8	 66.0	R	-125	
2022-02-12 01:10:45	3	 -7.648	  74.547	 -7.648	  74.547	  4	671251.3	 66.0	1	-129	
2022-02-12 01:55:11	0	 -7.641	  74.593	 -7.641	  74.593	  9	671237.9	 65.9	K	-127	
2022-02-12 02:01:32	0	 -7.614	  74.657	 -7.614	  74.657	  4	671254.3	 65.8	P	-124	
2022-02-12 02:39:02	0	 -7.429	  74.680	 -7.429	  74.680	  4	671254.0	 66.3	R	-129	
2022-02-12 03:35:52	0	 -7.315	  74.664	 -7.315	  74.664	  4	671220.9	 65.6	K	-132	
2022-02-12 03:37:47	1	 -7.270	  74.643	 -7.270	  74.643	  6	671238.7	 65.4	P	-133	
2022-02-12 04:00:27	A	 -7.286	  74.620	 -7.286	  74.620	  3	671230.8	 65.0	N	-130	
2022-02-12 04:33:07	0	 -7.251	  74.428	 -7.251	  74.428	  9	671235.1	 64.6	C	-117	
2022-02-12 05:18:54	B	 -7.267	  74.599	 -7.267	  74.599	  1	671275.5		B	-135	
2022-02-12 05:36:56	1	 -7.245	  74.570	 -7.245	  74.570	  9	671216.0	 65.7	N	-126	
2022-02-13 00:34:48	1	 -7.065	  73.117	 -3.137	  90.673	  6	671256.6	 64.4	R	-131	
2022-02-13 00:57:28	0	 -7.054	  73.103	 -7.054	  73.103	  6	671255.3	 64.6	1	-121	
2022-02-13 01:29:58	A	 -7.053	  73.023	 -7.053	  73.023	  3	671249.9	 65.0	K	-133	
2022-02-13 01:52:12	2	 -7.066	  73.006	 -7.066	  73.006	  9	671249.3	 65.1	P	-126	
2022-02-13 02:07:17	1	 -7.037	  72.987	 -7.037	  72.987	  6	671240.7	 64.8	R	-128	
2022-02-13 03:12:58	1	 -7.207	  72.823	 -7.207	  72.823	  8	671250.8	 65.3	K	-121	
2022-02-13 03:24:57	1	 -7.220	  72.732	 -7.220	  72.732	  9	671257.2	 65.2	P	-127	
2022-02-13 03:51:05	B	 -7.243	  72.726	 -7.243	  72.726	  1	671264.9		N	-140	
2022-02-13 04:11:01	1	 -7.266	  72.553	 -7.266	  72.553	  9	671241.8	 65.6	C	-115	
2022-02-13 04:49:54	A	 -7.292	  72.526	 -7.292	  72.526	  3	671249.5	325.0	B	-127	
2022-02-13 05:24:41	1	 -7.293	  72.488	 -7.293	  72.488	 10	671234.0	 65.5	N	-118	
2022-02-13 05:47:46	2	 -7.276	  72.483	 -7.276	  72.483	  7	671238.2	 65.4	C	-121	
2022-02-13 11:26:15	A	 -7.180	  72.431	 -7.180	  72.431	  3	671265.2	 65.3	R	-131	
2022-02-14 12:39:45	1	 -6.901	  72.628	 -6.901	  72.628	  5	671257.8	 64.2	1	-127	
2022-02-14 12:40:30	1	 -6.889	  72.627	 -6.889	  72.627	  6	671257.5	 64.3	R	-130	
2022-02-14 13:35:56	B	 -6.952	  72.614	 -6.952	  72.614	  1	671143.4		K	-135	
2022-02-14 14:13:26	B	 -7.092	  72.546	 -7.092	  72.546	  1	671294.9		1	-136	
2022-02-14 14:17:46	1	 -7.227	  72.399	 -7.227	  72.399	  6	671248.9	 65.0	R	-133	
2022-02-14 14:18:18	B	 -7.229	  72.407	 -7.229	  72.407	  2	671252.4	 65.0	P	-137	
2022-02-14 15:15:07	A	 -7.226	  72.420	 -7.226	  72.420	  3	671251.0	114.0	K	-133	
2022-02-14 15:55:17	0	 -7.230	  72.424	 -7.230	  72.424	  5	671254.1	 65.3	P	-135	
2022-02-14 16:24:27	3	 -7.227	  72.413	 -7.227	  72.413	  8	671251.7	 65.6	C	-119	
2022-02-14 17:53:28	B	 -7.271	  72.397	 -7.271	  72.397	  1	671251.3		N	-137	
2022-02-14 18:00:03	B	 -7.272	  72.396	 -7.272	  72.396	  1	671259.4		C	-130	
2022-02-15 12:10:55	B	 -7.138	  72.665	 -7.138	  72.665	  1	671185.5		R	-138	
2022-02-15 12:24:22	0	 -6.635	  72.746	 -6.635	  72.746	  5	671246.2	 64.0	1	-131	
2022-02-15 13:41:23	0	 -7.040	  72.636	 -7.040	  72.636	  7	671244.4	 64.7	R	-124	
2022-02-15 13:55:13	A	 -7.143	  72.566	 -7.143	  72.566	  3	671217.9	 64.7	1	-134	
2022-02-15 14:02:41	0	 -7.136	  72.573	 -7.136	  72.573	  4	671262.3	 64.7	P	-128	
2022-02-15 14:51:38	1	 -7.233	  72.481	 -7.233	  72.481	 10	671247.2	 64.7	K	-126	
2022-02-15 15:43:47	2	 -7.242	  72.458	 -7.242	  72.458	  9	671250.9	 65.0	P	-127	
2022-02-15 16:30:43	0	 -7.269	  72.457	 -7.269	  72.457	  4	671261.0	 65.0	K	-129	
2022-02-15 16:49:09	A	 -7.241	  72.459	 -7.241	  72.459	  3	671252.4	 65.3	B	-129	
2022-02-15 17:39:52	3	 -7.245	  72.450	 -7.245	  72.450	  8	671252.5	 65.5	C	-121	
2022-02-15 17:42:10	3	 -7.245	  72.454	 -7.245	  72.454	  5	671252.7	 65.7	N	-123	
2022-02-16 01:10:19	A	 -7.398	  72.614	 -7.398	  72.614	  3	671187.9	132.5	P	-133	
2022-02-16 01:46:26	A	 -7.032	  72.597	 -7.032	  72.597	  3	671255.7	 66.3	1	-127	
2022-02-16 01:51:48	0	 -6.995	  72.643	 -6.995	  72.643	  8	671257.6	 66.6	K	-122	
2022-02-16 02:14:07	1	 -6.907	  72.720	 -6.907	  72.720	  7	671259.5	 66.7	R	-129	
2022-02-16 02:54:37	1	 -6.709	  72.710	 -6.709	  72.710	  7	671255.4	 66.3	P	-122	
2022-02-16 03:03:50	B	 -6.702	  72.700	 -6.702	  72.700	  2	671261.5	 66.0	C	-125	
2022-02-16 03:35:57	0	 -6.489	  72.833	 -6.489	  72.833	  4	671261.1	 66.9	K	-127	
2022-02-16 03:50:46	B	 -6.501	  72.870	 -6.501	  72.870	  1	671246.0		B	-132	
2022-02-16 04:47:07	0	 -6.353	  73.009	 -6.353	  73.009	  8	671247.0	 66.3	C	-118	
2022-02-16 04:54:45	0	 -6.318	  72.910	 -6.318	  72.910	  6	671258.6	 66.2	N	-125	
2022-02-16 05:33:46	B	 -6.239	  73.029	 -6.239	  73.029	  1	671292.8		B	-132	
2022-02-16 06:25:22	B	 -6.119	  73.084	 -6.119	  73.084	  1	671307.7		C	-130	
2022-02-16 06:29:13	0	 -6.227	  72.998	 -6.227	  72.998	  4	671257.2	231.5	N	-127	
2022-02-17 00:04:30	B	 -6.379	  73.010	 -6.379	  73.010	  1	671245.6		R	-137	
2022-02-17 01:28:54	0	 -6.241	  74.199	-12.714	 102.757	  4	671262.2	116.2	K	-130	
2022-02-17 01:31:29	A	 -6.249	  74.184	-10.012	  55.001	  3	671247.7	129.3	1	-130	
2022-02-17 01:43:11	1	 -6.240	  74.260	 -6.240	  74.260	  5	671247.8	 64.7	R	-120	
2022-02-17 02:35:31	0	 -6.284	  74.203	 -6.284	  74.203	  9	671250.7	 65.0	P	-120	
2022-02-17 03:12:11	1	 -6.295	  74.193	 -6.295	  74.193	  8	671239.4	 64.8	K	-122	
2022-02-17 04:27:42	1	 -6.296	  74.165	 -6.296	  74.165	  9	671240.4	 64.7	C	-116	
2022-02-17 04:45:17	0	 -6.317	  74.203	 -6.317	  74.203	  4	671237.8	 64.8	N	-129	
2022-02-17 05:14:47	A	 -6.332	  74.306	 -6.332	  74.306	  3	671221.2	 64.3	B	-129	
2022-02-17 11:49:38	B	 -6.429	  74.224	 -6.429	  74.224	  1	671224.1		1	-139	
2022-02-18 11:35:51	B	 -7.018	  73.920	 -7.018	  73.920	  1	671241.7		1	-139	
2022-02-18 12:13:08	A	 -7.066	  73.249	-11.575	  94.966	  3	671247.8	 64.6	R	-131	
2022-02-18 13:10:42	1	 -7.348	  73.015	 -7.348	  73.015	  7	671241.3	 64.8	1	-122	
2022-02-18 13:33:24	B	 -7.386	  72.985	 -7.386	  72.985	  1	671214.3		K	-130	
2022-02-18 13:52:53	1	 -7.480	  72.750	 -7.480	  72.750	  7	671238.1	 65.0	R	-127	
2022-02-18 15:07:21	2	 -7.376	  72.491	 -7.376	  72.491	 10	671244.5	 65.3	P	-125	
2022-02-18 15:15:31	3	 -7.379	  72.483	 -7.379	  72.483	 10	671244.0	 65.4	K	-124	
2022-02-18 16:37:24	2	 -7.380	  72.471	 -7.380	  72.471	 10	671247.3	 65.6	C	-120	
2022-02-18 17:06:25	3	 -7.378	  72.478	 -7.378	  72.478	 10	671247.0	 65.8	N	-125	
2022-02-18 18:18:14	2	 -7.380	  72.482	 -7.380	  72.482	  7	671250.8	 66.0	C	-126	
2022-02-19 12:55:09	2	 -7.272	  72.472	 -7.272	  72.472	  4	671233.6	 64.7	1	-124	
2022-02-19 13:13:29	B	 -7.270	  72.457	 -7.270	  72.457	  2	671237.7	194.0	P	-131	
2022-02-19 13:14:02	3	 -7.273	  72.469	 -7.273	  72.469	  7	671236.3	 64.8	R	-126	
2022-02-19 14:51:19	2	 -7.271	  72.472	 -7.271	  72.472	  8	671243.3	 65.0	K	-126	
2022-02-19 14:54:50	3	 -7.272	  72.468	 -7.272	  72.468	  9	671243.4	 65.1	P	-126	
2022-02-19 16:18:54	3	 -7.273	  72.464	 -7.273	  72.464	  7	671244.4	 65.4	C	-121	
2022-02-19 16:57:05	A	 -7.274	  72.458	 -7.274	  72.458	  3	671246.6	262.0	N	-127	
2022-02-19 17:05:49	B	 -7.281	  72.452	 -7.281	  72.452	  2	671249.4		B	-126	
2022-02-19 17:59:57	B	 -7.277	  72.466	 -7.277	  72.466	  2	671248.8	 66.0	C	-133	
2022-02-20 00:10:56	3	 -7.273	  72.466	 -7.273	  72.466	  4	671250.8	 66.0	R	-128	
2022-02-20 00:44:31	3	 -7.273	  72.464	 -7.273	  72.464	  6	671252.5	 66.0	1	-128	
2022-02-20 01:50:16	1	 -7.135	  72.661	 -7.135	  72.661	  7	671249.8	 66.5	R	-129	
2022-02-20 01:54:09	0	 -7.117	  72.692	 -7.117	  72.692	  4	671256.2	 66.5	K	-124	
2022-02-20 02:06:56	0	 -7.065	  72.756	 -7.065	  72.756	  6	671246.5	 66.7	P	-125	
2022-02-20 03:22:21	B	 -7.065	  73.134	 -7.065	  73.134	  2	671185.9	468.0	C	-128	
2022-02-20 03:30:09	0	 -6.868	  73.210	 -6.868	  73.210	  4	671228.8	 67.0	K	-128	
2022-02-20 03:41:53	B	 -6.832	  73.150	 -6.832	  73.150	  2	671206.6	134.0	P	-131	
2022-02-20 04:08:45	A	 -6.691	  73.450	 -6.691	  73.450	  3	671259.1	 67.5	B	-127	
2022-02-20 05:04:12	0	 -6.613	  73.642	 -6.613	  73.642	  7	671219.8	 65.9	C	-119	
2022-02-20 05:40:47	0	 -6.585	  73.859	 -6.585	  73.859	  6	671231.8	 64.9	N	-125	
2022-02-21 01:19:19	0	 -6.610	  74.249	 -6.610	  74.249	  4	671269.8	 64.7	R	-121	
2022-02-21 01:59:43	1	 -6.551	  74.217	 -6.551	  74.217	  4	671246.9	 64.8	P	-127	
2022-02-21 02:05:07	B	 -6.587	  74.324	 -6.587	  74.324	  1	671260.0		1	-139	
2022-02-21 03:02:38	B	 -6.497	  74.277	 -6.497	  74.277	  2	671248.5	 65.0	C	-130	
2022-02-21 03:35:38	B	 -6.496	  74.522	 -6.496	  74.522	  1	671257.2		P	-140	
2022-02-21 04:43:23	1	 -6.512	  74.285	 -6.512	  74.285	  4	671241.9	128.7	C	-123	
2022-02-21 05:34:15	1	 -6.518	  74.318	 -6.518	  74.318	  7	671242.8	 64.6	N	-128	
2022-02-22 16:58:30	B	 -6.958	  73.892	 -6.958	  73.892	  2	670991.5	 66.0	C	-130	
2022-02-23 14:51:37	B	 -6.936	  73.894	 -6.936	  73.894	  1	670992.7		K	-133	
